Seed: 38
num_trials: 6
batch_size: 8
learning_rate: 0.004188871781034596
step_size: 9
out_features: 256
gamma: 0.22968287638220214
epochs: 20

